Elapsed Time: 132 min, 49 sec

Generating magic square of size 48*48


      1293 1590 1924 488  1960 1450 1358 2057 2211 1714 671  1375 1982 1836 933  645  2102 1117 38   337  2112 786  373  2030 527  1988 558  2263 618  416  1520 1163 1162 589  2051 121  1073 658  880  899  1278 322  735  638  1466 768  1119 126         55320
      1353 360  892  1958 851  987  522  714  1775 1614 2229 642  839  478  1643 452  429  737  2072 2231 1609 632  1239 523  528  1165 1867 683  41   555  2008 2180 1263 2273 1992 799  1906 2265 574  485  1138 1990 131  2184 506  487  1150 369         55320
      626  383  1644 1345 1456 1171 2294 765  710  2292 297  1654 2220 230  1417 1970 564  2278 592  956  239  1749 640  328  1685 1552 1238 571  785  1875 1458 350  814  302  1736 643  1180 1101 1750 413  467  1307 1766 2280 2297 1050 264  616         55320
      1096 1334 1701 2282 2067 707  1002 2272 1820 190  285  1981 2281 854  2004 406  1017 1098 1406 1703 282  1610 158  660  1074 195  1737 1717 194  676  2286 936  1537 435  807  1315 680  336  1329 148  1330 1918 1496 2276 652  711  500  819         55320
      1352 1754 491  2154 418  1122 623  1971 2037 859  1001 1332 2228 613  1963 1237 2152 1742 1618 1290 472  977  1723 146  367  1149 2000 254  886  507  1014 766  753  175  957  1751 1926 1063 1771 1061 2289 258  521  692  1984 673  188  1040        55320
      973  1790 517  2206 1018 579  1483 695  524  1921 1828 1922 1413 1709 327  1107 23   54   2003 820  1708 1830 1908 1747 772  2156 238  2048 46   627  1816 1223 771  458  888  1474 397  2108 324  900  690  1592 1288 407  871  1387 823  1911        55320
      1012 694  811  1772 342  122  1987 905  1048 2097 791  929  385  251  1597 774  2071 1940 744  1469 2275 1286 553  1746 196  232  621  2283 1128 125  1481 1348 1833 1112 247  2270 540  633  1123 572  1948 706  2133 1134 377  2266 2236 1175        55320
      949  659  2300 914  1735 1892 1622 430  997  836  1965 1727 614  2303 1486 1067 2304 1019 2176 872  1755 815  1135 740  1297 1845 2237 533  301  605  719  1071 355  284  227  1132 938  748  1676 313  1743 1819 1243 1120 834  829  795  344         55320
      1980 2234 1336 1317 2299 537  1390 266  314  1331 489  341  1121 986  1344 1545 585  1612 967  1242 2298 261  1420 366  563  1814 439  2296 2271 2268 698  1439 1091 891  1809 691  544  1441 242  718  1197 2302 662  594  1463 334  1210 762         55320
      1007 1945 868  935  1085 1189 532  92   597  636  1218 1382 1371 622  1715 2290 1272 444  1248 1866 543  2020 798  682  2099 1864 2248 1126 469  275  1929 596  2254 634  509  1558 763  1141 2013 769  1103 681  1613 2157 874  380  878  1030        55320
      620  2126 335  1221 858  1160 1447 754  1502 1611 185  2094 885  1779 827  1337 2139 1068 1042 2257 797  78   375  1087 2090 612  276  948  326  587  1004 1146 333  1696 2063 2217 212  1904 1557 1206 415  2245 1629 2287 743  879  130  1231        55320
      1579 143  1915 1732 1673 100  2159 1125 381  556  1244 345  294  941  1153 2295 280  716  1380 331  299  1183 1698 1392 1910 219  2110 570  1177 2226 1793 1133 1333 2049 944  1398 1532 1684 1055 2107 1818 1943 978  253  1393 173  159  449         55320
      1810 542  655  565  1363 88   1041 801  2238 734  1275 1799 984  1105 1025 1174 340  107  1870 1827 181  591  2116 2163 1523 1623 1640 246  2052 2240 1015 343  393  2136 679  1261 441  667  757  470  1167 1170 1572 955  1349 2167 802  2258        55320
      1058 117  1881 1378 2204 789  66   445  108  1782 1271 1501 520  2021 547  1795 696  2177 1139 1825 608  1309 312  2251 1961 1916 290  590  1191 1847 210  582  893  1491 1706 62   843  2250 861  1857 1024 756  1397 723  950  1581 1391 1148        55320
      1938 352  150  1694 2026 837  2092 1081 1859 1028 237  1803 610  1663 746  1094 637  1868 1901 1863 733  168  2093 409  2096 2138 1806 777  2010 1252 1941 320  625  960  635  1051 1508 999  1302 873  365  560  845  361  1826 1381 90   717         55320
      124  2058 803  48   388  56   1425 1741 499  149  996  1207 2284 400  494  156  1448 2170 1659 1913 1615 722  1977 993  2200 138  917  1588 1731 1631 233  432  1495 1036 856  1364 1524 577  846  2073 2198 1574 187  1510 1155 510  2161 2059        55320
      1399 602  2032 2141 1657 1187 1008 44   2105 259  70   1549 1522 1164 1379 675  575  1341 576  461  1713 172  1347 767  442  850  471  120  1267 2256 47   2259 2158 53   2193 1429 511  1872 1699 1540 1997 286  15   1603 958  1891 1577 2081        55320
      1035 1240 1672 395  2225 884  1465 1234 1127 822  1277 306  541  1480 204  1765 1856 453  1369 1959 1535 896  1285 176  244  160  1415 110  1131 2149 912  1169 1517 919  315  437  1196 1605 1195 1498 1482 2155 2043 1350 1725 1264 2098 30          55320
      2151 1424 480  119  2202 792  1115 394  730  729  207  1890 515  263  2186 927  370  1219 1385 1686 1168 63   828  2227 2062 252  601  1368 708  1477 1152 1453 937  1667 25   1514 1734 990  1756 1761 2190 277  300  2255 1409 902  1228 2232        55320
      1838 278  87   40   992  1205 603  538  1079 693  1249 954  2233 1472 410  1808 1989 1844 1316 72   248  1547 225  1227 649  2195 1479 105  2123 1607 1282 1056 1692 1308 552  1137 2128 404  1445 788  2285 1102 1254 1927 1670 1748 205  1232        55320
      1953 1318 1899 1416 813  1013 1536 1220 2104 731  713  1666 1707 932  1320 269  670  49   1437 1831 1569 1184 274  1598 211  1069 2174 493  619  865  959  36   496  2041 901  389  2083 1719 1299 1889 1060 311  1114 780  1038 907  1780 1865        55320
      1885 1461 1322 1066 257  2197 1553 741  420  1124 1346 35   911  319  1821 304  946  2121 1423 1274 60   2130 1967 1436 1679 1758 650  2242 909  94   1531 186  129  384  1383 386  1753 2145 688  876  433  2019 2011 177  1954 55   2205 1554        55320
      1562 2249 1109 183  1130 2114 1217 2194 1650 2172 1704 742  1354 2070 1047 951  356  1016 775  1198 113  180  1726 102  1776 1801 141  1077 22   726  1638 1357 1212 1253 1934 1942 338  536  1097 419  808  1104 1873 539  1088 2247 1269 209         55320
      123  2191 86   980  260  1869 475  1093 503  1621 1931 1211 904  85   169  1260 940  1462 998  1543 167  976  890  646  1710 1140 1342 1129 1658 139  1976 1944 697  1303 1689 1852 1740 855  1917 1564 215  362  1518 2277 934  665  2222 2089        55320
      516  2131 705  77   1402 1386 1202 2171 1166 773  99   236  831  2035 1492 1106 1905 118  1003 877  2253 501  199  1192 1829 270  1043 1270 1730 1900 417  1563 778  1470 1986 1262 448  2218 1951 2179 1457 164  1233 849  127  161  1807 1832        55320
      1700 354  835  19   305  1936 223  1956 1497 1412 2009 580  1178 191  2060 477  1367 759  1154 752  1645 1427 530  1705 26   1246 1648 1525 1426 310  2015 2079 2208 399  995  562  2134 1213 1291 1935 144  2031 298  1108 1669 793  1721 473         55320
      1037 1849 1681 1247 821  1851 83   1361 750  1559 518  2212 1421 1005 1815 1774 398  1985 5    465  926  287  1443 89   1422 1295 1488 664  1512 1400 1933 224  918  2243 1054 1384 1116 2164 584  853  153  663  1675 1430 1257 1493 1411 402         55320
      810  534  1578 2169 288  566  924  2192 1822 864  2101 687  152  639  1505 422  653  1245 1431 2118 1652 1360 1624 2007 1144 988  371  2075 1451 463  289  1695 573  1617 104  2069 151  484  1632 1858 1796 221  1834 502  1789 1473 162  1236        55320
      2039 867  1396 1712 240  1259 1555 307  1255 624  1647 985  201  1072 1991 425  1304 755  1438 609  140  1370 1110 234  1626 1314 245  1313 1587 674  184  1022 2150 1762 1335 2047 1147 1804 2012 568  1338 358  24   1389 1276 1930 1928 1752        55320
      447  427  79   1939 2129 378  651  1966 1455 2132 1757 28   1680 1173 95   1594 1568 983  4    1201 1642 943  1000 1729 412  2182 969  615  18   1200 975  1601 617  1861 1542 1759 1560 1190 1688 1837 529  1410 2084 1874 31   1204 462  700         55320
      1738 2023 403  2183 154  1095 2053 1888 486  2036 2201 228  368  295  1745 208  2124 1693 2122 770  784  1459 1841 174  1023 74   1499 2189 1839 1468 2148 847  1886 736  192  1716 495  1589 64   32   790  1086 631  559  963  1395 910  1118        55320
      1920 668  1310 390  1879 1600 1489 1    1993 1539 599  1143 98   1258 1850 1513 1718 661  1065 1660 1565 1876 806  1467 1637 1853 1862 761  1639 824  525  1485 2076 476  1251 423  728  1813 1241 2    1011 887  379  272  1343 34   1724 1006        55320
      979  325  1655 76   1634 1268 2001 1021 739  607  1777 2223 1720 1995 218  1327 21   1319 1668 1311 2137 460  349  1186 1516 203  249  1526 474  2267 1544 702  372  2241 2024 52   796  1781 686  1151 812  1641 1460 231  1566 2119 952  939         55320
      1111 262  1440 1351 1627 629  512  1325 165  2269 2080 1509 479  809  1854 2288 1296 1683 318  779  2028 1783 531  189  330  1635 214  2216 308  921  920  1434 1903 1778 1283 2065 712  1805 391  348  1082 982  889  895  136  1878 882  1996        55320
      1616 58   1661 2066 953  781  2109 804  170  1999 1671 1289 848  1136 497  1975 17   745  1321 137  1773 2029 647  947  968  1582 1690 2106 1937 91   303  1157 114  2103 2002 1324 2185 112  1606 1969 2279 826  220  551  323  446  1955 222         55320
      832  1877 75   962  2061 1573 1323 80   93   906  1428 1797 1033 1556 2027 2293 1432 1089 408  1794 339  526  2264 833  1848 1548 883  200  1674 1078 1433 942  1800 132  59   2162 226  928  179  595  1256 549  133  2077 1305 1912 2262 1538        55320
      431  1602 1728 881  732  1947 581  1570 830  317  578  2178 206  1142 913  1284 1871 1550 1760 401  1722 897  57   1567 1811 844  2160 641  1490 468  1034 2113 586  715  1366 27   1529 255  1630 1785 193  2301 2142 171  351  1057 2209 1697        55320
      235  1883 965  964  1229 1446 1687 1340 2056 974  1964 727  145  593  440  1608 421  2055 1222 1374 2199 2221 2127 1595 33   1009 1215 243  109  2100 970  2044 1454 1185 1145 916  1664 426  508  454  1769 363  1359 898  749  1978 863  396         55320
      1032 405  1914 1932 374  931  7    2068 2085 1062 961  438  2153 1376 1449 82   1083 10   256  1744 1355 1199 2140 1682 701  8    1408 1596 13   1636 1860 2022 1528 2064 1896 1527 2147 11   229  751  1494 279  1628 2173 6    738  296  1571        55320
      1225 273  545  1882 657  2033 283  1902 514  1968 2046 217  971  2224 2168 606  1475 464  357  2120 838  466  1599 2018 787  1823 672  818  2005 842  782  689  656  157  1026 376  2016 1414 1946 1020 2291 1216 443  455  1044 600  1887 1504        55320
      309  2040 1279 1405 166  2045 1471 1377 1099 1209 1031 2235 972  1576 628  347  1506 2213 3    135  182  1172 1365 678  2215 2230 2146 2014 1452 2239 550  825  271  483  1280 155  654  134  1651 2050 760  1791 1691 202  648  1957 981  498         55320
      1739 1401 1604 644  1534 2042 783  1507 684  216  860  61   1403 492  569  866  685  1530 1100 519  805  2252 677  1786 991  1230 583  1500 1678 908  1194 1898 2274 2260 316  870  115  1620 73   1511 1064 1292 1846 1619 1962 869  922  966         55320
      630  1312 1070 14   1586 265  1224 1158 9    1188 291  1027 2074 1770 12   103  857  841  1181 1029 1843 2034 2006 1950 67   250  1298 178  1656 1763 666  481  852  2025 903  598  1226 875  1979 1798 1052 1923 1179 2086 2038 1575 1974 1404        55320
      720  1487 1583 1281 1677 1306 50   1328 1090 459  1193 2165 894  1049 945  163  1842 353  1046 84   548  1784 554  1711 1768 197  704  1787 2125 434  546  69   1362 1840 2187 1156 1075 281  800  2166 923  1767 1356 1817 1909 2144 329  1266        55320
      1250 1519 1949 20   106  725  2246 1880 1897 1444 1300 45   1546 1059 43   1294 81   1972 2088 1176 293  1407 428  1092 2175 1476 2196 721  1561 1893 1159 2078 669  111  2203 268  604  758  2135 346  490  321  1653 387  840  1792 1182 1442        55320
      1161 1503 1080 411  1113 776  42   915  2214 51   1478 457  2087 2115 1214 2244 2207 142  535  359  1039 747  1788 1824 116  764  2188 213  504  794  68   1053 1649 1633 414  2117 1894 1895 267  1326 332  1235 450  1952 1835 1855 1339 1925        55320
      424  241  1287 1973 1010 1702 1418 1484 1983 817  816  925  1591 1265 16   2111 2082 1464 1625 567  1998 2143 1084 128  709  1372 29   2210 1585 1419 1521 1764 1301 382  1208 699  2219 292  37   2054 392  2261 1665 862  456  561  71   97          55320
      703  1435 588  1373 364  1733 1388 147  930  1394 436  1541 1551 1919 2017 1907 1646 39   1076 513  1515 1812 2091 2095 505  96   65   1802 1884 1203 1662 1045 1580 198  451  1593 989  557  1584 1533 1273 994  724  482  2181 101  611  1994        55320

55320   
Found in generation: 3229431
Number of aborted attempts on the way: 0
Elapsed Time: 155 min, 36 sec